Computation of the mindist matrix
Number of Threads : 1 2 4 8 16 32 64 128 256
531.330300 260.952150 136.302914 81.806731 66.777633 63.440100 63.220394 63.097664 62.609294 
503.712875 260.028074 139.023706 82.402665 66.138084 63.503346 63.383093 62.945728 62.724134 

***********************************LRWMD MEASUREMENTS***********************************
 
threads: 1 2 4 8 16 32 64 128 256
	
length: 11 50 100 150 200

Intel® Core™ i5-2400 Processor 3.10 GHz #of Cores 4 # of Threads per core 4
Afterwards while having mindist  matrix
0.002113 0.001478 0.001317 0.001391 0.002362 0.001119 0.001674 0.004353 0.006731 
0.003536 0.001725 0.001622 0.001778 0.002341 0.001834 0.002063 0.004827 0.008545 
0.005475 0.002766 0.001714 0.002687 0.001931 0.002670 0.001957 0.004052 0.006535 
0.005418 0.003005 0.002567 0.002155 0.003782 0.002025 0.002158 0.003621 0.005922 
0.006093 0.003333 0.002162 0.002243 0.003259 0.004597 0.002885 0.003595 0.005653
 
0.002579 0.001415 0.001191 0.001248 0.001854 0.001526 0.002161 0.003598 0.007733 
0.004019 0.002203 0.001704 0.001430 0.002381 0.002102 0.004708 0.004096 0.006574 
0.004423 0.002362 0.002236 0.001895 0.003463 0.001848 0.001759 0.002931 0.006002 
0.005861 0.002980 0.001853 0.002437 0.002136 0.003959 0.002295 0.002766 0.005052 
0.006221 0.003314 0.003093 0.003287 0.003381 0.003441 0.003141 0.002649 0.004833
 
0.002581 0.001327 0.001170 0.001456 0.001187 0.001341 0.001572 0.003534 0.006571 
0.003588 0.002190 0.001574 0.003094 0.002196 0.001259 0.002362 0.003584 0.007082 
0.004747 0.004443 0.001743 0.002195 0.002042 0.003171 0.002470 0.003134 0.006124 
0.005230 0.002834 0.001754 0.002938 0.003177 0.004549 0.002340 0.003107 0.005516 
0.006627 0.003435 0.002202 0.002251 0.004174 0.004639 0.002850 0.002734 0.004609
 
0.002507 0.001417 0.001317 0.001272 0.001184 0.001131 0.001678 0.004710 0.007019 
0.003410 0.001619 0.001330 0.001562 0.001950 0.001855 0.001563 0.002959 0.006262 
0.005025 0.002704 0.001871 0.002990 0.003093 0.003158 0.003406 0.003400 0.006723 
0.005356 0.002827 0.002006 0.001976 0.002491 0.004458 0.002175 0.002949 0.005372 
0.005998 0.003916 0.002127 0.002134 0.002900 0.004227 0.002550 0.002718 0.004971 

0.002793 0.002160 0.001620 0.001711 0.000819 0.001769 0.001721 0.004563 0.007079 
0.003954 0.001966 0.001532 0.001264 0.002479 0.001223 0.001687 0.004655 0.007539 
0.005704 0.002738 0.001826 0.002757 0.002133 0.003054 0.001742 0.003827 0.006650 
0.005465 0.002882 0.001872 0.002905 0.003175 0.003213 0.002790 0.003627 0.006183 
0.006167 0.003348 0.002118 0.002248 0.003230 0.003369 0.002282 0.004493 0.006472 

RWMD for 100
 1 threads 672.040326 seconds . 

 2 threads 356.182003 seconds . 

 4 threads 207.959206 seconds . 

 8 threads 128.857442 seconds . 

 16 threads 93.740178 seconds . 

 32 threads 85.721910 seconds . 

 64 threads 83.294197 seconds . 

 128 threads 82.853346 seconds . 

 256 threads 82.595672 seconds . 
----------------------------------
128 threads first 20 50 100 200 400

 20 docs 16.693289 seconds . 

 50 docs 41.788975 seconds . 

 100 docs 82.718253 seconds . 

 200 docs 161.943579 seconds . 

 400 docs 320.589825 seconds .

128 threads first 20 50 100 200 400 
 
 20 docs 63.224758 seconds . 

 50 docs 63.284096 seconds . 

 100 docs 63.388576 seconds . 

 200 docs 63.471672 seconds . 

 400 docs 63.810211 seconds .

 
3430 docs 68.557369 seconds



